ADNMS:
For 1th layer:
[-0.426][-0.329][-0.526][-0.004][-0.493]
For 2th layer:
[-0.514][0.142][-0.911][0.457][-1.021][0.267][-0.757][-1.294][-0.368][-1.482]
For 3th layer:
[-0.543][0.694][-1.417][0.827][-1.413][0.601][-0.532][-2.138][-0.393][-2.373][0.422][-0.886][-1.406][-0.466][-1.715]
For 4th layer:
[-0.574][0.934][-1.917][0.979][-1.649][0.618][-0.306][-2.663][-0.267][-2.784][0.633][-0.578][-2.185][-0.426][-2.544][0.32][-0.933][-1.382][-0.556][-1.589]
For 5th layer:
[-0.575][1.021][-2.253][1.005][-1.699][0.645][-0.248][-3.068][-0.231][-3.061][0.651][-0.356][-2.673][-0.287][-2.976][0.579][-0.673][-2.143][-0.526][-2.417][0.212][-0.974][-1.362][-0.611][-1.527]
For 6th layer:
[-0.576][1.054][-2.506][1.022][-1.755][0.636][-0.214][-3.284][-0.22][-3.151][0.658][-0.274][-3.036][-0.231][-3.31][0.588][-0.42][-2.636][-0.339][-2.826][0.472][-0.791][-2.118][-0.603][-2.262][0.025][-0.979][-1.28][-0.678][-1.311]
For 7th layer:
[-0.571][1.078][-2.592][1.012][-1.734][0.662][-0.201][-3.413][-0.214][-3.246][0.667][-0.257][-3.25][-0.222][-3.556][0.603][-0.304][-2.988][-0.297][-3.191][0.494][-0.512][-2.556][-0.412][-2.626][0.37][-0.918][-1.967][-0.716][-2.044][-0.083][-1.028][-1.245][-0.716][-1.264]
For 8th layer:
[-0.572][1.074][-2.693][1.031][-1.766][0.646][-0.194][-3.468][-0.213][-3.227][0.67][-0.228][-3.376][-0.197][-3.726][0.594][-0.293][-3.257][-0.252][-3.449][0.484][-0.368][-2.9][-0.318][-2.92][0.402][-0.593][-2.391][-0.497][-2.358][0.229][-1.059][-1.914][-0.796][-1.885][-0.228][-1.009][-1.208][-0.746][-1.134]
For 9th layer:
[-0.57][1.092][-2.695][1.016][-1.752][0.671][-0.183][-3.522][-0.21][-3.28][0.676][-0.234][-3.436][-0.195][-3.866][0.613][-0.252][-3.382][-0.256][-3.684][0.498][-0.34][-3.153][-0.28][-3.188][0.415][-0.42][-2.731][-0.393][-2.643][0.311][-0.715][-2.295][-0.617][-2.159][0.106][-1.136][-1.839][-0.884][-1.712][-0.295][-1.046][-1.209][-0.786][-1.12]
For 10th layer:
[-0.571][1.077][-2.75][1.041][-1.777][0.655][-0.189][-3.532][-0.214][-3.243][0.676][-0.212][-3.482][-0.182][-3.956][0.604][-0.261][-3.498][-0.224][-3.858][0.479][-0.301][-3.325][-0.252][-3.386][0.384][-0.36][-3.025][-0.318][-2.874][0.291][-0.53][-2.606][-0.461][-2.342][0.201][-0.846][-2.162][-0.714][-1.934][-0.034][-1.225][-1.816][-0.943][-1.649][-0.427][-1.002][-1.139][-0.801][-1.039]
For 11th layer:
[-0.569][1.099][-2.725][1.018][-1.768][0.675][-0.173][-3.55][-0.213][-3.29][0.678][-0.226][-3.501][-0.184][-4.055][0.621][-0.242][-3.536][-0.234][-4.021][0.507][-0.3][-3.456][-0.241][-3.577][0.408][-0.319][-3.237][-0.305][-3.089][0.288][-0.434][-2.875][-0.398][-2.542][0.201][-0.677][-2.447][-0.572][-2.103][0.092][-1.063][-2.096][-0.814][-1.856][-0.156][-1.279][-1.75][-1.012][-1.541][-0.458][-1.041][-1.144][-0.84][-1.068]
For 12th layer:
[-0.569][1.079][-2.768][1.045][-1.782][0.659][-0.186][-3.549][-0.215][-3.253][0.674][-0.205][-3.519][-0.18][-4.104][0.615][-0.24][-3.594][-0.207][-4.152][0.477][-0.272][-3.525][-0.216][-3.714][0.377][-0.299][-3.427][-0.259][-3.259][0.256][-0.389][-3.128][-0.333][-2.681][0.172][-0.539][-2.663][-0.464][-2.236][0.089][-0.844][-2.306][-0.649][-1.963][-0.005][-1.15][-2.002][-0.894][-1.705][-0.281][-1.356][-1.736][-1.069][-1.497][-0.562][-0.96][-1.06][-0.846][-0.995]
For 13th layer:
[-0.571][1.102][-2.733][1.019][-1.781][0.675][-0.169][-3.551][-0.215][-3.302][0.683][-0.222][-3.53][-0.177][-4.172][0.62][-0.243][-3.622][-0.221][-4.273][0.517][-0.282][-3.611][-0.216][-3.863][0.403][-0.29][-3.543][-0.263][-3.417][0.272][-0.345][-3.328][-0.325][-2.852][0.167][-0.481][-2.898][-0.424][-2.385][0.072][-0.744][-2.505][-0.562][-2.093][0.033][-1.024][-2.224][-0.769][-1.824][-0.108][-1.328][-1.995][-0.992][-1.651][-0.391][-1.344][-1.664][-1.107][-1.458][-0.569][-1.007][-1.111][-0.901][-1.058]
For 14th layer:
[-0.569][1.076][-2.774][1.051][-1.785][0.664][-0.186][-3.556][-0.217][-3.258][0.677][-0.205][-3.525][-0.178][-4.207][0.623][-0.227][-3.646][-0.2][-4.374][0.479][-0.251][-3.63][-0.198][-3.972][0.375][-0.274][-3.674][-0.227][-3.55][0.246][-0.343][-3.507][-0.273][-2.951][0.147][-0.419][-3.096][-0.365][-2.486][0.047][-0.63][-2.697][-0.472][-2.183][0.005][-0.903][-2.382][-0.65][-1.907][-0.079][-1.231][-2.182][-0.843][-1.706][-0.204][-1.342][-1.949][-1.02][-1.566][-0.476][-1.394][-1.701][-1.164][-1.48][-0.649][-0.937][-0.998][-0.883][-1.001]
For 15th layer:
[-0.571][1.106][-2.733][1.021][-1.789][0.675][-0.165][-3.552][-0.214][-3.305][0.684][-0.222][-3.53][-0.167][-4.247][0.619][-0.237][-3.666][-0.211][-4.487][0.51][-0.272][-3.697][-0.196][-4.086][0.398][-0.263][-3.746][-0.235][-3.674][0.258][-0.307][-3.654][-0.276][-3.086][0.145][-0.397][-3.291][-0.351][-2.603][0.032][-0.579][-2.878][-0.443][-2.301][0.006][-0.817][-2.542][-0.594][-2.006][-0.081][-1.147][-2.314][-0.765][-1.802][-0.136][-1.275][-2.166][-0.932][-1.677][-0.269][-1.426][-1.992][-1.105][-1.599][-0.576][-1.408][-1.621][-1.179][-1.428][-0.639][-0.964][-1.044][-0.927][-1.046]
For 16th layer:
[-0.569][1.076][-2.781][1.056][-1.792][0.668][-0.184][-3.553][-0.214][-3.263][0.673][-0.208][-3.519][-0.178][-4.272][0.628][-0.227][-3.673][-0.193][-4.557][0.48][-0.245][-3.695][-0.183][-4.181][0.376][-0.251][-3.846][-0.207][-3.788][0.236][-0.312][-3.79][-0.235][-3.157][0.135][-0.36][-3.464][-0.306][-2.673][0.014][-0.504][-3.056][-0.382][-2.372][-0.038][-0.742][-2.67][-0.517][-2.068][-0.111][-1.064][-2.423][-0.667][-1.844][-0.127][-1.177][-2.31][-0.822][-1.729][-0.207][-1.349][-2.184][-0.978][-1.64][-0.363][-1.431][-1.92][-1.124][-1.525][-0.62][-1.418][-1.663][-1.248][-1.506][-0.694][-0.851][-0.94][-0.915][-1.013]
For 17th layer:
[-0.568][1.11][-2.741][1.025][-1.798][0.671][-0.168][-3.557][-0.218][-3.313][0.686][-0.225][-3.536][-0.165][-4.305][0.62][-0.235][-3.687][-0.207][-4.664][0.511][-0.274][-3.742][-0.178][-4.28][0.403][-0.259][-3.906][-0.208][-3.889][0.245][-0.287][-3.898][-0.243][-3.273][0.129][-0.343][-3.64][-0.306][-2.775][0.009][-0.483][-3.22][-0.372][-2.476][-0.029][-0.677][-2.812][-0.493][-2.157][-0.126][-0.992][-2.547][-0.622][-1.931][-0.149][-1.104][-2.449][-0.764][-1.813][-0.194][-1.301][-2.332][-0.901][-1.713][-0.248][-1.434][-2.138][-1.037][-1.601][-0.376][-1.458][-1.951][-1.206][-1.62][-0.666][-1.338][-1.557][-1.248][-1.449][-0.669][-0.901][-0.976][-0.939][-1.05]
For 18th layer:
[-0.567][1.079][-2.782][1.059][-1.796][0.672][-0.18][-3.557][-0.214][-3.258][0.669][-0.212][-3.532][-0.174][-4.319][0.632][-0.226][-3.681][-0.186][-4.708][0.478][-0.246][-3.727][-0.168][-4.37][0.382][-0.251][-3.978][-0.19][-3.986][0.227][-0.298][-4.014][-0.208][-3.333][0.121][-0.324][-3.779][-0.266][-2.818][-0.01][-0.424][-3.39][-0.323][-2.526][-0.075][-0.611][-2.925][-0.436][-2.202][-0.161][-0.912][-2.646][-0.55][-1.959][-0.179][-1.024][-2.557][-0.681][-1.84][-0.228][-1.221][-2.447][-0.81][-1.742][-0.218][-1.332][-2.268][-0.954][-1.668][-0.237][-1.358][-2.116][-1.106][-1.679][-0.455][-1.438][-1.87][-1.231][-1.562][-0.687][-1.375][-1.598][-1.309][-1.53][-0.698][-0.786][-0.862][-0.912][-1.013]
For 19th layer:
[-0.568][1.112][-2.737][1.026][-1.8][0.672][-0.165][-3.555][-0.222][-3.305][0.688][-0.219][-3.532][-0.165][-4.341][0.617][-0.238][-3.687][-0.202][-4.801][0.514][-0.263][-3.764][-0.171][-4.458][0.402][-0.257][-4.015][-0.195][-4.079][0.241][-0.28][-4.097][-0.219][-3.43][0.118][-0.324][-3.936][-0.273][-2.904][-0.008][-0.417][-3.544][-0.329][-2.623][-0.057][-0.576][-3.084][-0.424][-2.276][-0.171][-0.873][-2.769][-0.522][-2.037][-0.201][-0.979][-2.681][-0.646][-1.908][-0.241][-1.169][-2.56][-0.764][-1.8][-0.228][-1.305][-2.405][-0.885][-1.728][-0.2][-1.328][-2.288][-1.026][-1.734][-0.282][-1.432][-2.078][-1.149][-1.627][-0.414][-1.466][-1.917][-1.305][-1.648][-0.688][-1.244][-1.456][-1.292][-1.487][-0.649][-0.813][-0.92][-0.939][-1.059]
For 20th layer:
[-0.569][1.079][-2.781][1.058][-1.797][0.669][-0.183][-3.562][-0.216][-3.252][0.674][-0.21][-3.536][-0.177][-4.342][0.637][-0.225][-3.665][-0.185][-4.841][0.479][-0.239][-3.749][-0.16][-4.531][0.384][-0.24][-4.063][-0.183][-4.166][0.221][-0.29][-4.192][-0.19][-3.483][0.122][-0.293][-4.044][-0.24][-2.939][-0.035][-0.381][-3.709][-0.282][-2.653][-0.101][-0.526][-3.186][-0.375][-2.313][-0.21][-0.826][-2.882][-0.452][-2.054][-0.244][-0.913][-2.785][-0.572][-1.927][-0.3][-1.12][-2.662][-0.683][-1.809][-0.254][-1.198][-2.48][-0.829][-1.774][-0.226][-1.23][-2.389][-0.953][-1.781][-0.229][-1.347][-2.224][-1.087][-1.699][-0.214][-1.411][-2.124][-1.221][-1.711][-0.445][-1.381][-1.819][-1.334][-1.635][-0.649][-1.244][-1.487][-1.37][-1.582][-0.681][-0.678][-0.783][-0.885][-0.993]
For all layers:
[0.542][0.542][-0.569][1.079][-2.781][1.058][-1.797][0.669][-0.183][-3.562][-0.216][-3.252][0.674][-0.21][-3.536][-0.177][-4.342][0.637][-0.225][-3.665][-0.185][-4.841][0.479][-0.239][-3.749][-0.16][-4.531][0.384][-0.24][-4.063][-0.183][-4.166][0.221][-0.29][-4.192][-0.19][-3.483][0.122][-0.293][-4.044][-0.24][-2.939][-0.035][-0.381][-3.709][-0.282][-2.653][-0.101][-0.526][-3.186][-0.375][-2.313][-0.21][-0.826][-2.882][-0.452][-2.054][-0.244][-0.913][-2.785][-0.572][-1.927][-0.3][-1.12][-2.662][-0.683][-1.809][-0.254][-1.198][-2.48][-0.829][-1.774][-0.226][-1.23][-2.389][-0.953][-1.781][-0.229][-1.347][-2.224][-1.087][-1.699][-0.214][-1.411][-2.124][-1.221][-1.711][-0.445][-1.381][-1.819][-1.334][-1.635][-0.649][-1.244][-1.487][-1.37][-1.582][-0.681][-0.678][-0.783][-0.885][-0.993]
NMS:
For 1th layer:
[-0.03]
For 2th layer:
[-0.036]
For 3th layer:
[-0.051]
For 4th layer:
[-0.063]
For 5th layer:
[-0.075]
For 6th layer:
[-0.076]
For 7th layer:
[-0.094]
For 8th layer:
[-0.089]
For 9th layer:
[-0.107]
For 10th layer:
[-0.095]
For 11th layer:
[-0.109]
For 12th layer:
[-0.098]
For 13th layer:
[-0.111]
For 14th layer:
[-0.101]
For 15th layer:
[-0.114]
For 16th layer:
[-0.101]
For 17th layer:
[-0.115]
For 18th layer:
[-0.102]
For 19th layer:
[-0.116]
For 20th layer:
[-0.106]
For all layers:
[-0.106]
SNMS:
For 1th layer:
[0.239][0.2][0.294]
For 2th layer:
[0.602][-0.115][-0.046]
For 3th layer:
[0.624][-0.133][-0.072]
For 4th layer:
[0.619][-0.12][-0.081]
For 5th layer:
[0.614][-0.129][-0.095]
For 6th layer:
[0.605][-0.11][-0.096]
For 7th layer:
[0.599][-0.12][-0.112]
For 8th layer:
[0.58][-0.105][-0.101]
For 9th layer:
[0.57][-0.108][-0.118]
For 10th layer:
[0.546][-0.094][-0.099]
For 11th layer:
[0.532][-0.098][-0.114]
For 12th layer:
[0.513][-0.085][-0.091]
For 13th layer:
[0.495][-0.089][-0.108]
For 14th layer:
[0.47][-0.072][-0.082]
For 15th layer:
[0.446][-0.08][-0.099]
For 16th layer:
[0.435][-0.069][-0.08]
For 17th layer:
[0.395][-0.083][-0.087]
For 18th layer:
[0.393][-0.072][-0.066]
For 19th layer:
[0.364][-0.091][-0.077]
For 20th layer:
[0.34][-0.069][-0.054]
For all layers:
[0.34][-0.069][-0.054]
ASNMS:
For 1th layer:
[0.239][0.2][0.294]
For 2th layer:
[0.241][0.2][0.289][0.598][-0.092][-0.049]
For 3th layer:
[0.239][0.201][0.288][0.634][-0.106][-0.079][0.625][-0.133][-0.092]
For 4th layer:
[0.236][0.199][0.287][0.636][-0.096][-0.082][0.658][-0.129][-0.111][0.568][-0.178][-0.12]
For 5th layer:
[0.246][0.208][0.291][0.654][-0.109][-0.089][0.667][-0.137][-0.123][0.598][-0.164][-0.157][0.482][-0.22][-0.137]
For 6th layer:
[0.235][0.194][0.292][0.657][-0.092][-0.093][0.668][-0.128][-0.123][0.604][-0.168][-0.149][0.504][-0.185][-0.154][0.403][-0.227][-0.132]
For 7th layer:
[0.249][0.212][0.293][0.664][-0.096][-0.096][0.685][-0.14][-0.13][0.621][-0.155][-0.17][0.506][-0.204][-0.143][0.419][-0.225][-0.16][0.313][-0.273][-0.15]
For 8th layer:
[0.237][0.188][0.301][0.665][-0.09][-0.091][0.673][-0.118][-0.134][0.618][-0.174][-0.152][0.486][-0.168][-0.149][0.386][-0.205][-0.131][0.295][-0.269][-0.143][0.208][-0.27][-0.137]
For 9th layer:
[0.251][0.221][0.289][0.665][-0.083][-0.099][0.692][-0.127][-0.13][0.63][-0.159][-0.171][0.497][-0.207][-0.143][0.41][-0.203][-0.145][0.28][-0.26][-0.14][0.211][-0.283][-0.156][0.152][-0.325][-0.154]
For 10th layer:
[0.236][0.181][0.306][0.667][-0.091][-0.088][0.675][-0.113][-0.146][0.631][-0.16][-0.157][0.48][-0.17][-0.139][0.366][-0.205][-0.125][0.243][-0.248][-0.102][0.138][-0.253][-0.109][0.075][-0.315][-0.155][0.053][-0.313][-0.148]
For 11th layer:
[0.249][0.223][0.286][0.666][-0.07][-0.108][0.697][-0.126][-0.135][0.633][-0.161][-0.172][0.503][-0.211][-0.13][0.404][-0.194][-0.139][0.225][-0.264][-0.111][0.137][-0.251][-0.098][0.03][-0.295][-0.126][0.016][-0.356][-0.159][-0.001][-0.377][-0.171]
For 12th layer:
[0.236][0.181][0.306][0.673][-0.09][-0.084][0.667][-0.123][-0.15][0.648][-0.146][-0.156][0.482][-0.155][-0.141][0.364][-0.199][-0.124][0.209][-0.267][-0.083][0.093][-0.26][-0.058][-0.04][-0.269][-0.073][-0.08][-0.281][-0.111][-0.082][-0.395][-0.169][-0.069][-0.32][-0.166]
For 13th layer:
[0.254][0.228][0.291][0.671][-0.069][-0.106][0.686][-0.126][-0.137][0.63][-0.171][-0.171][0.503][-0.201][-0.129][0.395][-0.203][-0.131][0.214][-0.261][-0.107][0.083][-0.273][-0.075][-0.049][-0.272][-0.073][-0.125][-0.33][-0.073][-0.191][-0.424][-0.123][-0.138][-0.38][-0.205][-0.069][-0.386][-0.236]
For 14th layer:
[0.232][0.183][0.3][0.676][-0.086][-0.088][0.667][-0.121][-0.152][0.655][-0.149][-0.153][0.482][-0.153][-0.137][0.375][-0.188][-0.127][0.192][-0.292][-0.07][0.065][-0.271][-0.054][-0.088][-0.27][-0.047][-0.191][-0.283][-0.037][-0.274][-0.386][-0.036][-0.271][-0.366][-0.129][-0.186][-0.446][-0.246][-0.116][-0.33][-0.216]
For 15th layer:
[0.252][0.232][0.286][0.672][-0.071][-0.107][0.683][-0.125][-0.137][0.624][-0.171][-0.161][0.505][-0.191][-0.127][0.386][-0.21][-0.135][0.208][-0.287][-0.092][0.076][-0.306][-0.058][-0.08][-0.287][-0.067][-0.181][-0.34][-0.027][-0.333][-0.447][-0.013][-0.33][-0.409][-0.079][-0.304][-0.496][-0.177][-0.206][-0.464][-0.268][-0.121][-0.381][-0.287]
For 16th layer:
[0.235][0.178][0.307][0.674][-0.09][-0.09][0.663][-0.11][-0.172][0.66][-0.15][-0.145][0.489][-0.141][-0.143][0.368][-0.191][-0.121][0.207][-0.277][-0.063][0.059][-0.261][-0.04][-0.128][-0.291][-0.038][-0.215][-0.287][-0.017][-0.374][-0.436][0.05][-0.437][-0.393][0.][-0.451][-0.514][-0.058][-0.334][-0.47][-0.21][-0.186][-0.437][-0.376][-0.127][-0.28][-0.285]
For 17th layer:
[0.238][0.223][0.279][0.689][-0.082][-0.102][0.674][-0.125][-0.14][0.637][-0.165][-0.163][0.498][-0.2][-0.124][0.389][-0.222][-0.121][0.206][-0.274][-0.099][0.057][-0.313][-0.054][-0.101][-0.328][-0.051][-0.208][-0.356][-0.014][-0.395][-0.528][0.054][-0.457][-0.501][0.043][-0.535][-0.573][-0.002][-0.439][-0.529][-0.102][-0.371][-0.533][-0.255][-0.231][-0.401][-0.362][-0.12][-0.311][-0.34]
For 18th layer:
[0.237][0.184][0.31][0.668][-0.106][-0.099][0.667][-0.123][-0.171][0.666][-0.153][-0.149][0.486][-0.128][-0.148][0.366][-0.19][-0.12][0.203][-0.286][-0.06][0.046][-0.269][-0.055][-0.089][-0.291][-0.038][-0.236][-0.32][-0.004][-0.434][-0.53][0.079][-0.5][-0.447][0.058][-0.631][-0.643][0.131][-0.581][-0.511][-0.01][-0.557][-0.578][-0.119][-0.349][-0.436][-0.303][-0.145][-0.35][-0.483][-0.12][-0.165][-0.321]
For 19th layer:
[0.244][0.23][0.282][0.679][-0.08][-0.108][0.694][-0.116][-0.143][0.643][-0.155][-0.171][0.484][-0.185][-0.133][0.405][-0.192][-0.133][0.209][-0.261][-0.096][0.058][-0.305][-0.059][-0.077][-0.308][-0.069][-0.205][-0.328][-0.023][-0.426][-0.582][0.082][-0.52][-0.525][0.071][-0.655][-0.679][0.128][-0.647][-0.564][0.069][-0.651][-0.631][0.026][-0.506][-0.476][-0.155][-0.37][-0.442][-0.37][-0.193][-0.282][-0.439][-0.091][-0.209][-0.357]
For 20th layer:
[0.235][0.183][0.308][0.683][-0.087][-0.094][0.675][-0.11][-0.155][0.651][-0.166][-0.147][0.486][-0.136][-0.144][0.384][-0.203][-0.12][0.212][-0.301][-0.061][0.086][-0.241][-0.069][-0.092][-0.3][-0.052][-0.242][-0.336][-0.03][-0.381][-0.515][0.052][-0.526][-0.456][0.038][-0.686][-0.699][0.17][-0.711][-0.509][0.068][-0.784][-0.696][0.133][-0.678][-0.49][-0.067][-0.525][-0.499][-0.252][-0.248][-0.326][-0.43][-0.047][-0.22][-0.576][-0.077][-0.059][-0.349]
For all layers:
[0.235][0.183][0.308][0.683][-0.087][-0.094][0.675][-0.11][-0.155][0.651][-0.166][-0.147][0.486][-0.136][-0.144][0.384][-0.203][-0.12][0.212][-0.301][-0.061][0.086][-0.241][-0.069][-0.092][-0.3][-0.052][-0.242][-0.336][-0.03][-0.381][-0.515][0.052][-0.526][-0.456][0.038][-0.686][-0.699][0.17][-0.711][-0.509][0.068][-0.784][-0.696][0.133][-0.678][-0.49][-0.067][-0.525][-0.499][-0.252][-0.248][-0.326][-0.43][-0.047][-0.22][-0.576][-0.077][-0.059][-0.349]
ANMS:
For 1th layer:
[0.246][0.246]
For 2th layer:
[0.247][0.247][0.608][-0.059]
For 3th layer:
[0.245][0.245][0.643][-0.083][0.628][-0.105]
For 4th layer:
[0.243][0.243][0.64][-0.077][0.659][-0.115][0.573][-0.136]
For 5th layer:
[0.25][0.25][0.657][-0.089][0.67][-0.128][0.602][-0.161][0.491][-0.161]
For 6th layer:
[0.244][0.244][0.654][-0.077][0.667][-0.123][0.61][-0.157][0.511][-0.159][0.411][-0.153]
For 7th layer:
[0.254][0.254][0.669][-0.086][0.683][-0.137][0.631][-0.169][0.514][-0.167][0.435][-0.172][0.341][-0.173]
For 8th layer:
[0.243][0.243][0.667][-0.074][0.675][-0.121][0.617][-0.165][0.496][-0.159][0.399][-0.152][0.323][-0.164][0.25][-0.158]
For 9th layer:
[0.257][0.257][0.673][-0.083][0.686][-0.134][0.64][-0.17][0.512][-0.174][0.44][-0.166][0.315][-0.165][0.259][-0.17][0.208][-0.178]
For 10th layer:
[0.246][0.246][0.67][-0.071][0.678][-0.137][0.639][-0.162][0.483][-0.159][0.401][-0.158][0.283][-0.135][0.19][-0.129][0.136][-0.172][0.126][-0.163]
For 11th layer:
[0.257][0.257][0.674][-0.078][0.688][-0.138][0.643][-0.18][0.521][-0.166][0.44][-0.152][0.271][-0.151][0.186][-0.129][0.114][-0.147][0.095][-0.175][0.089][-0.194]
For 12th layer:
[0.244][0.244][0.68][-0.064][0.677][-0.154][0.658][-0.157][0.486][-0.152][0.401][-0.16][0.257][-0.14][0.163][-0.104][0.055][-0.104][0.027][-0.117][0.019][-0.178][0.045][-0.172]
For 13th layer:
[0.253][0.253][0.678][-0.078][0.683][-0.145][0.646][-0.193][0.523][-0.168][0.449][-0.146][0.26][-0.143][0.163][-0.114][0.052][-0.104][-0.014][-0.106][-0.042][-0.154][-0.008][-0.205][0.036][-0.244]
For 14th layer:
[0.243][0.243][0.683][-0.065][0.681][-0.15][0.657][-0.161][0.486][-0.161][0.415][-0.164][0.26][-0.142][0.144][-0.103][0.015][-0.093][-0.042][-0.066][-0.118][-0.091][-0.098][-0.139][-0.029][-0.236][-0.011][-0.2]
For 15th layer:
[0.252][0.252][0.683][-0.07][0.692][-0.156][0.645][-0.195][0.525][-0.172][0.45][-0.143][0.258][-0.137][0.142][-0.11][0.025][-0.097][-0.058][-0.075][-0.155][-0.09][-0.144][-0.123][-0.115][-0.218][-0.045][-0.276][-0.001][-0.297]
For 16th layer:
[0.23][0.23][0.668][-0.097][0.716][-0.155][0.658][-0.168][0.509][-0.149][0.406][-0.159][0.253][-0.137][0.148][-0.089][-0.01][-0.084][-0.092][-0.055][-0.188][-0.045][-0.212][-0.057][-0.211][-0.127][-0.14][-0.212][-0.041][-0.33][-0.04][-0.241]
For 17th layer:
[0.252][0.252][0.69][-0.065][0.69][-0.16][0.65][-0.201][0.522][-0.187][0.456][-0.151][0.265][-0.141][0.145][-0.109][0.021][-0.084][-0.083][-0.059][-0.21][-0.059][-0.242][-0.057][-0.26][-0.103][-0.199][-0.17][-0.167][-0.288][-0.091][-0.324][-0.023][-0.317]
For 18th layer:
[0.251][0.251][0.647][-0.096][0.719][-0.166][0.676][-0.169][0.53][-0.132][0.424][-0.125][0.244][-0.135][0.156][-0.084][-0.007][-0.074][-0.121][-0.068][-0.204][-0.037][-0.299][-0.031][-0.29][-0.039][-0.292][-0.089][-0.263][-0.192][-0.178][-0.276][-0.055][-0.393][-0.067][-0.249]
For 19th layer:
[0.254][0.254][0.678][-0.078][0.703][-0.157][0.645][-0.174][0.529][-0.15][0.409][-0.15][0.263][-0.134][0.142][-0.113][0.02][-0.086][-0.094][-0.065][-0.229][-0.062][-0.289][-0.045][-0.327][-0.054][-0.315][-0.079][-0.329][-0.152][-0.255][-0.233][-0.117][-0.375][-0.084][-0.375][-0.013][-0.352]
For 20th layer:
[0.235][0.235][0.694][-0.071][0.687][-0.172][0.652][-0.165][0.534][-0.123][0.383][-0.149][0.28][-0.106][0.103][-0.108][0.032][-0.067][-0.13][-0.058][-0.229][-0.031][-0.323][-0.009][-0.365][0.][-0.397][-0.017][-0.413][-0.067][-0.317][-0.131][-0.216][-0.28][-0.117][-0.349][-0.005][-0.459][-0.072][-0.267]
For all layers:
[0.235][0.235][0.694][-0.071][0.687][-0.172][0.652][-0.165][0.534][-0.123][0.383][-0.149][0.28][-0.106][0.103][-0.108][0.032][-0.067][-0.13][-0.058][-0.229][-0.031][-0.323][-0.009][-0.365][0.][-0.397][-0.017][-0.413][-0.067][-0.317][-0.131][-0.216][-0.28][-0.117][-0.349][-0.005][-0.459][-0.072][-0.267]
ASNMS:
For 21th layer:
[0.25][0.23][0.287][0.67][-0.108][-0.107][0.702][-0.12][-0.143][0.636][-0.167][-0.169][0.48][-0.151][-0.156][0.413][-0.234][-0.075][0.209][-0.283][-0.074][0.045][-0.271][-0.076][-0.098][-0.335][-0.05][-0.2][-0.346][0.013][-0.389][-0.507][0.077][-0.526][-0.495][0.072][-0.676][-0.768][0.217][-0.666][-0.464][0.074][-0.762][-0.659][0.188][-0.726][-0.472][-0.03][-0.563][-0.511][-0.15][-0.351][-0.311][-0.382][-0.135][-0.215][-0.617][-0.048][0.049][-0.47][0.005][0.2][0.002]
For 22th layer:
[0.233][0.209][0.287][0.691][-0.084][-0.097][0.687][-0.127][-0.106][0.641][-0.188][-0.085][0.461][-0.101][-0.148][0.357][-0.271][-0.064][0.217][-0.302][-0.06][0.029][-0.289][-0.086][-0.051][-0.322][-0.056][-0.225][-0.299][-0.057][-0.376][-0.5][0.044][-0.47][-0.413][0.039][-0.696][-0.742][0.219][-0.676][-0.343][0.048][-0.806][-0.648][0.23][-0.626][-0.351][0.107][-0.724][-0.429][-0.046][-0.492][-0.291][-0.342][-0.212][-0.214][-0.644][-0.11][0.093][-0.644][-0.094][0.277][-0.325][-0.024][0.189][-0.079]
For 23th layer:
[0.247][0.218][0.295][0.655][-0.106][-0.134][0.712][-0.113][-0.155][0.625][-0.164][-0.168][0.486][-0.166][-0.139][0.404][-0.257][-0.086][0.207][-0.308][-0.063][0.036][-0.348][-0.02][-0.088][-0.313][-0.069][-0.228][-0.378][-0.014][-0.361][-0.494][0.056][-0.514][-0.478][0.042][-0.606][-0.71][0.269][-0.674][-0.356][0.136][-0.841][-0.593][0.286][-0.745][-0.378][0.139][-0.706][-0.456][0.096][-0.572][-0.275][-0.229][-0.305][-0.252][-0.545][-0.224][-0.04][-0.635][-0.142][0.26][-0.469][-0.062][0.185][-0.291][0.018][0.342][0.118]
For 24th layer:
[0.242][0.208][0.301][0.671][-0.156][-0.069][0.706][-0.159][-0.118][0.628][-0.153][-0.159][0.48][-0.121][-0.191][0.407][-0.265][-0.113][0.258][-0.207][-0.122][0.04][-0.331][0.003][-0.144][-0.354][-0.069][-0.177][-0.3][-0.058][-0.424][-0.473][-0.057][-0.38][-0.451][0.142][-0.695][-0.544][0.147][-0.738][-0.284][0.074][-0.816][-0.653][0.398][-0.739][-0.242][0.182][-0.756][-0.382][0.178][-0.631][-0.13][-0.186][-0.356][-0.175][-0.418][-0.349][0.044][-0.646][-0.242][0.232][-0.588][-0.076][0.236][-0.497][-0.143][0.311][-0.21][0.205][0.13][-0.015]
For 25th layer:
[0.304][0.242][0.353][0.648][-0.108][-0.041][0.645][-0.111][-0.161][0.611][-0.119][-0.193][0.507][-0.167][-0.159][0.463][-0.26][-0.101][0.272][-0.168][-0.089][-0.005][-0.324][-0.012][-0.115][-0.381][-0.018][-0.168][-0.252][-0.026][-0.484][-0.574][0.014][-0.444][-0.415][0.038][-0.6][-0.573][0.192][-0.738][-0.317][0.144][-0.821][-0.624][0.436][-0.712][-0.161][0.264][-0.78][-0.385][0.351][-0.711][-0.106][-0.064][-0.389][-0.03][-0.35][-0.442][0.022][-0.534][-0.321][0.143][-0.499][-0.12][0.24][-0.493][-0.112][0.402][-0.252][0.036][0.102][-0.159][0.178][0.305][0.105]
For 26th layer:
[0.208][0.221][0.258][0.651][-0.117][-0.107][0.706][-0.196][-0.1][0.632][-0.195][-0.123][0.517][-0.171][-0.142][0.465][-0.178][-0.15][0.211][-0.192][-0.14][-0.003][-0.345][-0.054][-0.09][-0.424][-0.047][-0.142][-0.172][-0.118][-0.454][-0.651][0.095][-0.432][-0.366][0.017][-0.607][-0.596][0.204][-0.713][-0.313][0.185][-0.874][-0.646][0.443][-0.732][-0.209][0.348][-0.769][-0.393][0.463][-0.662][-0.031][0.11][-0.46][0.053][-0.259][-0.479][0.09][-0.415][-0.381][0.206][-0.42][-0.201][0.26][-0.464][-0.191][0.406][-0.316][0.001][0.112][-0.272][0.008][0.236][-0.109][0.253][0.212][0.138]
For 27th layer:
[0.213][0.21][0.291][0.654][-0.091][-0.101][0.677][-0.146][-0.174][0.654][-0.152][-0.156][0.526][-0.182][-0.128][0.455][-0.17][-0.152][0.234][-0.317][-0.034][0.011][-0.263][-0.119][-0.054][-0.507][0.026][-0.174][-0.223][-0.077][-0.424][-0.674][0.119][-0.422][-0.408][0.062][-0.601][-0.591][0.274][-0.8][-0.354][0.153][-0.856][-0.62][0.421][-0.756][-0.252][0.346][-0.69][-0.318][0.511][-0.651][0.033][0.244][-0.531][0.069][-0.131][-0.615][0.052][-0.355][-0.414][0.297][-0.458][-0.29][0.19][-0.471][-0.19][0.392][-0.341][-0.037][0.098][-0.361][0.07][0.307][-0.104][-0.02][0.255][-0.104][0.339][0.309][0.283]
For 28th layer:
[0.211][0.212][0.282][0.678][-0.108][-0.104][0.658][-0.126][-0.213][0.625][-0.16][-0.221][0.585][-0.153][-0.17][0.478][-0.252][-0.095][0.3][-0.182][-0.085][0.004][-0.245][-0.088][-0.031][-0.483][0.102][-0.277][-0.281][-0.043][-0.396][-0.591][0.11][-0.45][-0.435][0.101][-0.664][-0.61][0.225][-0.787][-0.325][0.084][-0.819][-0.559][0.377][-0.802][-0.304][0.335][-0.711][-0.381][0.516][-0.689][-0.005][0.2][-0.449][0.103][-0.066][-0.638][0.078][-0.234][-0.424][0.332][-0.341][-0.426][0.175][-0.456][-0.251][0.378][-0.387][-0.065][0.157][-0.505][-0.026][0.239][-0.255][-0.003][0.224][-0.289][0.268][0.255][0.119][0.296][0.232][0.297]
For 29th layer:
[0.246][0.256][0.284][0.63][-0.141][-0.142][0.67][-0.156][-0.229][0.677][-0.151][-0.211][0.555][-0.202][-0.125][0.488][-0.285][-0.087][0.32][-0.165][-0.119][-0.003][-0.274][-0.095][-0.072][-0.577][0.088][-0.179][-0.227][-0.013][-0.473][-0.63][0.129][-0.46][-0.464][0.116][-0.706][-0.556][0.126][-0.755][-0.365][0.049][-0.786][-0.542][0.376][-0.835][-0.397][0.446][-0.681][-0.281][0.53][-0.712][-0.019][0.28][-0.488][0.11][0.01][-0.658][0.162][-0.179][-0.515][0.304][-0.3][-0.42][0.2][-0.434][-0.264][0.362][-0.343][-0.092][0.142][-0.466][-0.077][0.301][-0.329][0.102][0.34][-0.247][0.025][0.355][-0.165][0.247][0.197][0.1][0.495][0.524][0.338]
For 30th layer:
[0.296][0.277][0.339][0.635][-0.109][-0.06][0.609][-0.144][-0.25][0.699][-0.157][-0.169][0.479][-0.224][-0.189][0.623][-0.257][-0.042][0.306][-0.072][-0.2][-0.028][-0.302][-0.071][-0.068][-0.556][0.068][-0.167][-0.22][-0.006][-0.516][-0.597][0.082][-0.459][-0.394][0.039][-0.703][-0.56][0.089][-0.706][-0.334][0.052][-0.836][-0.596][0.394][-0.809][-0.383][0.428][-0.738][-0.321][0.498][-0.674][0.031][0.261][-0.547][0.113][-0.029][-0.741][0.12][-0.25][-0.496][0.189][-0.259][-0.371][0.19][-0.412][-0.296][0.342][-0.35][-0.034][0.137][-0.391][-0.11][0.324][-0.293][-0.04][0.286][-0.325][0.018][0.346][-0.266][0.171][0.128][-0.027][0.333][0.437][0.09][0.483][0.239][0.311]
For 31th layer:
[0.228][0.235][0.276][0.672][-0.024][-0.108][0.645][-0.119][-0.28][0.681][-0.221][-0.14][0.465][-0.254][-0.223][0.599][-0.272][-0.086][0.319][-0.118][-0.284][0.049][-0.318][-0.116][-0.004][-0.593][0.125][-0.188][-0.151][-0.055][-0.52][-0.632][0.104][-0.496][-0.365][-0.01][-0.702][-0.511][0.034][-0.62][-0.305][0.084][-0.813][-0.411][0.355][-0.886][-0.41][0.427][-0.741][-0.279][0.46][-0.72][0.001][0.269][-0.489][0.137][0.004][-0.714][0.107][-0.111][-0.493][0.277][-0.217][-0.433][0.311][-0.458][-0.379][0.306][-0.372][0.03][0.21][-0.375][-0.212][0.314][-0.284][-0.023][0.318][-0.359][0.045][0.463][-0.307][0.108][0.112][-0.004][0.227][0.479][-0.089][0.495][0.233][0.225][0.39][0.428][0.474]
ADNMS:
For 1th layer:
[-0.424][-0.329][-0.524][-0.003][-0.484]
For 2th layer:
[-0.48][0.204][-0.883][0.568][-1.053][0.591][-0.395][-2.424][-0.328][-2.384]
For 3th layer:
[-0.525][0.678][-1.417][0.867][-1.418][0.643][-0.246][-3.002][-0.252][-2.842][0.638][-0.246][-3.21][-0.224][-3.114]
For 4th layer:
[-0.547][0.877][-1.881][0.955][-1.655][0.631][-0.222][-3.237][-0.238][-3.007][0.643][-0.227][-3.452][-0.218][-3.439][0.573][-0.301][-3.558][-0.23][-3.491]
For 5th layer:
[-0.534][0.948][-2.176][0.986][-1.692][0.665][-0.193][-3.386][-0.226][-3.118][0.676][-0.218][-3.488][-0.208][-3.596][0.609][-0.23][-3.655][-0.219][-3.68][0.504][-0.281][-3.82][-0.208][-3.656]
For 6th layer:
[-0.543][0.988][-2.39][0.991][-1.793][0.655][-0.204][-3.441][-0.229][-3.143][0.664][-0.212][-3.562][-0.204][-3.738][0.602][-0.264][-3.726][-0.227][-3.846][0.491][-0.263][-3.852][-0.23][-3.774][0.416][-0.31][-3.986][-0.225][-3.743]
For 7th layer:
[-0.531][1.009][-2.483][0.994][-1.766][0.682][-0.185][-3.487][-0.222][-3.176][0.687][-0.217][-3.546][-0.198][-3.819][0.629][-0.219][-3.699][-0.221][-3.97][0.52][-0.261][-3.908][-0.205][-3.843][0.433][-0.28][-4.069][-0.203][-3.77][0.342][-0.331][-4.077][-0.221][-3.64]
For 8th layer:
[-0.54][1.014][-2.581][1.001][-1.83][0.669][-0.2][-3.497][-0.238][-3.18][0.674][-0.203][-3.55][-0.203][-3.911][0.619][-0.251][-3.74][-0.212][-4.098][0.48][-0.238][-3.911][-0.219][-3.93][0.401][-0.255][-4.167][-0.214][-3.858][0.312][-0.313][-4.128][-0.237][-3.631][0.212][-0.343][-4.136][-0.235][-3.69]
For 9th layer:
[-0.528][1.033][-2.617][0.996][-1.788][0.685][-0.187][-3.51][-0.228][-3.175][0.69][-0.216][-3.539][-0.185][-3.955][0.631][-0.229][-3.719][-0.213][-4.215][0.52][-0.253][-3.96][-0.196][-3.989][0.423][-0.262][-4.212][-0.186][-3.899][0.302][-0.308][-4.209][-0.219][-3.602][0.234][-0.335][-4.262][-0.223][-3.624][0.161][-0.39][-4.019][-0.192][-3.705]
For 10th layer:
[-0.537][1.026][-2.67][1.007][-1.845][0.678][-0.202][-3.507][-0.25][-3.176][0.677][-0.205][-3.542][-0.196][-4.015][0.635][-0.23][-3.724][-0.207][-4.322][0.476][-0.235][-3.952][-0.204][-4.078][0.396][-0.232][-4.283][-0.195][-3.995][0.269][-0.276][-4.287][-0.206][-3.613][0.138][-0.282][-4.302][-0.202][-3.62][0.102][-0.349][-4.036][-0.235][-3.687][0.079][-0.392][-4.019][-0.247][-3.737]
For 11th layer:
[-0.525][1.049][-2.678][0.997][-1.797][0.68][-0.194][-3.521][-0.232][-3.171][0.683][-0.223][-3.559][-0.189][-4.056][0.636][-0.229][-3.713][-0.209][-4.421][0.521][-0.256][-3.973][-0.176][-4.132][0.421][-0.253][-4.298][-0.161][-4.046][0.252][-0.302][-4.371][-0.177][-3.614][0.147][-0.28][-4.412][-0.167][-3.586][0.051][-0.357][-4.056][-0.182][-3.681][0.054][-0.418][-4.101][-0.25][-3.673][0.002][-0.412][-4.065][-0.215][-3.778]
For 12th layer:
[-0.538][1.031][-2.728][1.01][-1.843][0.683][-0.208][-3.502][-0.248][-3.159][0.675][-0.21][-3.57][-0.196][-4.096][0.653][-0.216][-3.682][-0.204][-4.514][0.481][-0.228][-3.917][-0.191][-4.234][0.4][-0.228][-4.343][-0.178][-4.159][0.241][-0.29][-4.455][-0.174][-3.673][0.098][-0.245][-4.473][-0.159][-3.605][0.011][-0.288][-4.083][-0.172][-3.624][-0.044][-0.366][-4.084][-0.226][-3.66][-0.06][-0.481][-4.216][-0.203][-3.654][0.06][-0.334][-3.867][-0.393][-4.019]
For 13th layer:
[-0.52][1.062][-2.74][1.][-1.795][0.675][-0.194][-3.511][-0.233][-3.182][0.686][-0.218][-3.601][-0.178][-4.125][0.617][-0.235][-3.701][-0.208][-4.594][0.53][-0.253][-3.938][-0.171][-4.288][0.423][-0.265][-4.354][-0.146][-4.215][0.234][-0.306][-4.52][-0.169][-3.714][0.104][-0.275][-4.595][-0.149][-3.575][-0.022][-0.337][-4.15][-0.134][-3.632][-0.032][-0.354][-4.168][-0.189][-3.577][-0.108][-0.453][-4.257][-0.171][-3.614][-0.015][-0.42][-3.965][-0.335][-4.005][0.095][-0.446][-3.95][-0.293][-3.749]
For 14th layer:
[-0.538][1.031][-2.781][1.017][-1.847][0.687][-0.203][-3.504][-0.237][-3.136][0.662][-0.192][-3.576][-0.208][-4.15][0.65][-0.224][-3.648][-0.185][-4.636][0.485][-0.221][-3.911][-0.18][-4.367][0.403][-0.225][-4.342][-0.172][-4.324][0.227][-0.303][-4.576][-0.168][-3.773][0.091][-0.233][-4.628][-0.144][-3.608][-0.045][-0.275][-4.177][-0.129][-3.592][-0.108][-0.306][-4.172][-0.152][-3.556][-0.167][-0.463][-4.37][-0.091][-3.52][-0.093][-0.344][-3.913][-0.321][-4.011][-0.035][-0.463][-4.013][-0.346][-3.726][0.047][-0.253][-3.829][-0.48][-3.918]
For 15th layer:
[-0.529][1.06][-2.768][0.997][-1.793][0.679][-0.2][-3.52][-0.244][-3.163][0.692][-0.211][-3.611][-0.176][-4.162][0.615][-0.224][-3.67][-0.202][-4.719][0.522][-0.264][-3.914][-0.151][-4.413][0.425][-0.267][-4.39][-0.133][-4.365][0.232][-0.311][-4.598][-0.158][-3.782][0.072][-0.3][-4.746][-0.141][-3.601][-0.042][-0.343][-4.233][-0.112][-3.612][-0.113][-0.326][-4.288][-0.147][-3.541][-0.218][-0.5][-4.472][-0.065][-3.49][-0.164][-0.395][-3.995][-0.253][-3.982][-0.105][-0.492][-4.028][-0.293][-3.516][-0.083][-0.366][-3.974][-0.465][-3.911][0.019][-0.153][-3.795][-0.489][-3.876]
For 16th layer:
[-0.544][1.037][-2.795][1.01][-1.85][0.698][-0.211][-3.523][-0.239][-3.139][0.669][-0.189][-3.581][-0.201][-4.202][0.648][-0.208][-3.639][-0.187][-4.778][0.492][-0.224][-3.897][-0.159][-4.493][0.393][-0.24][-4.408][-0.158][-4.469][0.234][-0.304][-4.631][-0.155][-3.838][0.064][-0.258][-4.756][-0.135][-3.643][-0.058][-0.275][-4.265][-0.121][-3.619][-0.159][-0.254][-4.281][-0.15][-3.553][-0.277][-0.506][-4.55][-0.01][-3.45][-0.206][-0.322][-4.011][-0.171][-3.916][-0.234][-0.466][-4.047][-0.225][-3.413][-0.138][-0.282][-3.955][-0.418][-3.818][-0.099][-0.207][-3.851][-0.454][-3.911][0.03][-0.204][-3.879][-0.5][-3.883]
For 17th layer:
[-0.533][1.054][-2.82][1.007][-1.8][0.683][-0.191][-3.515][-0.249][-3.162][0.691][-0.193][-3.587][-0.184][-4.232][0.613][-0.221][-3.663][-0.179][-4.833][0.504][-0.239][-3.897][-0.15][-4.545][0.422][-0.261][-4.417][-0.132][-4.505][0.232][-0.307][-4.658][-0.163][-3.877][0.083][-0.291][-4.834][-0.137][-3.637][-0.071][-0.339][-4.328][-0.121][-3.635][-0.149][-0.305][-4.37][-0.142][-3.537][-0.309][-0.612][-4.701][0.011][-3.426][-0.279][-0.416][-4.12][-0.128][-3.934][-0.289][-0.567][-4.1][-0.139][-3.284][-0.25][-0.36][-4.103][-0.377][-3.71][-0.153][-0.236][-3.901][-0.463][-3.885][-0.021][-0.314][-3.989][-0.512][-3.863][0.1][-0.227][-3.892][-0.529][-3.879]
For 18th layer:
[-0.541][1.043][-2.839][1.016][-1.85][0.679][-0.198][-3.517][-0.271][-3.148][0.678][-0.2][-3.622][-0.206][-4.242][0.661][-0.197][-3.624][-0.202][-4.909][0.495][-0.213][-3.907][-0.161][-4.611][0.4][-0.224][-4.403][-0.159][-4.559][0.254][-0.286][-4.636][-0.153][-3.891][0.057][-0.253][-4.83][-0.129][-3.694][-0.065][-0.315][-4.354][-0.108][-3.623][-0.188][-0.262][-4.415][-0.143][-3.583][-0.287][-0.561][-4.725][0.039][-3.417][-0.372][-0.393][-4.149][-0.09][-3.936][-0.377][-0.581][-4.158][-0.09][-3.222][-0.305][-0.276][-4.104][-0.317][-3.613][-0.273][-0.27][-3.948][-0.341][-3.843][-0.13][-0.315][-4.046][-0.508][-3.853][0.044][-0.231][-3.883][-0.551][-3.873][0.018][-0.303][-3.943][-0.554][-3.805]
For 19th layer:
[-0.534][1.077][-2.822][0.995][-1.83][0.677][-0.191][-3.52][-0.259][-3.165][0.68][-0.186][-3.577][-0.191][-4.24][0.633][-0.226][-3.644][-0.197][-4.973][0.513][-0.228][-3.922][-0.152][-4.631][0.418][-0.251][-4.387][-0.122][-4.575][0.232][-0.322][-4.685][-0.147][-3.936][0.084][-0.283][-4.928][-0.126][-3.72][-0.104][-0.402][-4.397][-0.113][-3.649][-0.148][-0.331][-4.489][-0.137][-3.548][-0.331][-0.582][-4.78][0.009][-3.463][-0.38][-0.463][-4.209][-0.026][-3.95][-0.441][-0.74][-4.287][0.041][-3.017][-0.361][-0.391][-4.258][-0.202][-3.441][-0.333][-0.28][-4.01][-0.257][-3.764][-0.236][-0.338][-4.025][-0.452][-3.8][-0.087][-0.321][-4.028][-0.593][-3.871][0.015][-0.34][-3.983][-0.6][-3.849][0.08][-0.27][-3.867][-0.605][-3.732]
For 20th layer:
[-0.523][1.073][-2.822][1.017][-1.869][0.666][-0.209][-3.524][-0.253][-3.132][0.683][-0.185][-3.59][-0.19][-4.23][0.647][-0.241][-3.63][-0.15][-5.005][0.481][-0.228][-3.945][-0.142][-4.643][0.371][-0.264][-4.425][-0.152][-4.653][0.254][-0.314][-4.681][-0.172][-3.995][0.091][-0.257][-4.925][-0.142][-3.787][-0.068][-0.393][-4.438][-0.084][-3.62][-0.163][-0.262][-4.425][-0.163][-3.578][-0.374][-0.56][-4.829][-0.][-3.482][-0.365][-0.441][-4.238][-0.004][-3.895][-0.54][-0.723][-4.316][0.032][-3.001][-0.42][-0.318][-4.227][-0.171][-3.415][-0.499][-0.329][-4.104][-0.184][-3.702][-0.282][-0.388][-4.161][-0.325][-3.625][-0.17][-0.315][-4.019][-0.555][-3.817][-0.006][-0.259][-3.984][-0.603][-3.834][0.006][-0.178][-3.77][-0.695][-3.806][0.182][-0.198][-3.788][-0.65][-3.663]
For all layers:
[-0.523][1.073][-2.822][1.017][-1.869][0.666][-0.209][-3.524][-0.253][-3.132][0.683][-0.185][-3.59][-0.19][-4.23][0.647][-0.241][-3.63][-0.15][-5.005][0.481][-0.228][-3.945][-0.142][-4.643][0.371][-0.264][-4.425][-0.152][-4.653][0.254][-0.314][-4.681][-0.172][-3.995][0.091][-0.257][-4.925][-0.142][-3.787][-0.068][-0.393][-4.438][-0.084][-3.62][-0.163][-0.262][-4.425][-0.163][-3.578][-0.374][-0.56][-4.829][-0.][-3.482][-0.365][-0.441][-4.238][-0.004][-3.895][-0.54][-0.723][-4.316][0.032][-3.001][-0.42][-0.318][-4.227][-0.171][-3.415][-0.499][-0.329][-4.104][-0.184][-3.702][-0.282][-0.388][-4.161][-0.325][-3.625][-0.17][-0.315][-4.019][-0.555][-3.817][-0.006][-0.259][-3.984][-0.603][-3.834][0.006][-0.178][-3.77][-0.695][-3.806][0.182][-0.198][-3.788][-0.65][-3.663]
ADNMS:
For 1th layer:
[-0.404][0.49][0.537][-1.658][0.521][-1.208]
For 2th layer:
[-0.491][0.389][0.681][-2.26][0.644][-1.797][0.397][0.416][-0.117][-3.353][-0.106][-2.566]
For 3th layer:
[-0.614][0.289][0.668][-2.457][0.642][-2.01][0.26][0.309][-0.124][-3.586][-0.153][-2.862][0.314][0.313][-0.126][-3.552][-0.037][-3.032]
For 4th layer:
[-0.686][0.274][0.715][-2.628][0.705][-2.162][0.238][0.25][-0.197][-3.656][-0.251][-3.006][0.235][0.251][-0.147][-3.54][-0.087][-3.269][0.25][0.251][-0.153][-3.893][-0.049][-3.428]
For 5th layer:
[-0.646][0.258][0.637][-2.713][0.64][-2.212][0.218][0.217][-0.241][-3.649][-0.279][-3.017][0.21][0.21][-0.197][-3.56][-0.164][-3.375][0.197][0.202][-0.211][-3.919][-0.11][-3.673][0.183][0.183][-0.224][-4.161][-0.049][-3.782]
For 6th layer:
[-0.666][0.275][0.652][-2.764][0.699][-2.194][0.249][0.215][-0.236][-3.734][-0.281][-3.01][0.235][0.185][-0.272][-3.573][-0.213][-3.53][0.189][0.168][-0.252][-3.952][-0.189][-3.819][0.115][0.152][-0.229][-4.17][-0.089][-3.947][0.125][0.137][-0.229][-4.386][-0.062][-4.052]
For 7th layer:
[-0.636][0.29][0.736][-2.801][0.72][-2.196][0.286][0.238][-0.198][-3.793][-0.311][-2.95][0.289][0.19][-0.314][-3.714][-0.304][-3.704][0.157][0.17][-0.208][-3.968][-0.206][-3.84][0.164][0.143][-0.26][-4.162][-0.176][-4.188][0.055][0.129][-0.259][-4.442][-0.087][-4.118][0.017][0.128][-0.232][-4.431][-0.01][-4.399]
For 8th layer:
[-0.642][0.303][0.772][-2.751][0.793][-2.154][0.308][0.25][-0.213][-3.926][-0.286][-2.966][0.331][0.188][-0.329][-3.834][-0.36][-3.714][0.183][0.166][-0.234][-3.991][-0.234][-3.79][0.172][0.138][-0.268][-4.249][-0.225][-4.222][0.001][0.11][-0.278][-4.391][-0.11][-4.143][-0.083][0.109][-0.224][-4.464][0.019][-4.42][0.016][0.1][-0.331][-4.602][-0.1][-4.638]
For 9th layer:
[-0.601][0.319][0.775][-2.745][0.799][-2.121][0.328][0.274][-0.165][-3.926][-0.298][-2.968][0.318][0.189][-0.338][-3.931][-0.358][-3.712][0.17][0.171][-0.205][-4.071][-0.223][-3.736][0.161][0.131][-0.272][-4.321][-0.255][-4.185][0.005][0.115][-0.234][-4.38][-0.149][-4.177][-0.106][0.109][-0.201][-4.447][-0.011][-4.439][-0.048][0.102][-0.308][-4.726][-0.062][-4.654][-0.061][0.077][-0.323][-4.727][-0.115][-4.868]
For 10th layer:
[-0.557][0.336][0.814][-2.647][0.791][-2.095][0.425][0.284][-0.212][-3.991][-0.331][-3.002][0.357][0.21][-0.288][-3.992][-0.344][-3.699][0.224][0.182][-0.223][-4.146][-0.204][-3.687][0.196][0.119][-0.308][-4.356][-0.312][-4.157][0.006][0.104][-0.241][-4.388][-0.173][-4.168][-0.123][0.098][-0.191][-4.522][-0.056][-4.468][-0.093][0.087][-0.307][-4.81][-0.09][-4.701][-0.144][0.057][-0.365][-4.743][-0.131][-4.92][-0.13][0.057][-0.292][-5.058][-0.071][-5.112]
For 11th layer:
[-0.544][0.347][0.822][-2.631][0.795][-2.031][0.463][0.303][-0.233][-3.951][-0.324][-3.008][0.386][0.22][-0.286][-4.093][-0.351][-3.666][0.238][0.193][-0.17][-4.216][-0.215][-3.671][0.247][0.132][-0.312][-4.371][-0.32][-4.121][0.023][0.111][-0.249][-4.401][-0.207][-4.2][-0.144][0.101][-0.191][-4.551][-0.064][-4.525][-0.119][0.087][-0.286][-4.901][-0.093][-4.79][-0.188][0.05][-0.343][-4.798][-0.146][-5.][-0.219][0.045][-0.345][-5.227][-0.053][-5.118][-0.195][0.039][-0.309][-5.401][-0.116][-5.432]
For 12th layer:
[-0.553][0.343][0.819][-2.684][0.783][-2.018][0.427][0.302][-0.196][-3.902][-0.261][-2.987][0.409][0.231][-0.289][-4.179][-0.325][-3.554][0.269][0.187][-0.215][-4.289][-0.259][-3.683][0.284][0.139][-0.307][-4.41][-0.321][-4.036][0.019][0.11][-0.214][-4.413][-0.25][-4.17][-0.121][0.095][-0.205][-4.658][-0.102][-4.667][-0.152][0.079][-0.26][-5.027][-0.095][-4.85][-0.23][0.046][-0.352][-4.911][-0.185][-5.029][-0.315][0.042][-0.31][-5.303][-0.026][-5.185][-0.272][0.038][-0.325][-5.642][-0.1][-5.48][-0.213][0.015][-0.274][-5.627][-0.125][-5.675]
For 13th layer:
[-0.535][0.367][0.86][-2.666][0.792][-1.967][0.479][0.315][-0.2][-3.938][-0.27][-2.942][0.448][0.256][-0.244][-4.191][-0.304][-3.531][0.338][0.201][-0.28][-4.361][-0.285][-3.678][0.312][0.14][-0.318][-4.405][-0.327][-4.018][0.045][0.112][-0.199][-4.529][-0.253][-4.137][-0.085][0.105][-0.178][-4.777][-0.115][-4.764][-0.15][0.084][-0.234][-5.149][-0.11][-4.846][-0.206][0.048][-0.341][-5.034][-0.221][-5.086][-0.333][0.055][-0.256][-5.346][-0.021][-5.198][-0.351][0.049][-0.354][-5.821][-0.075][-5.55][-0.303][0.01][-0.318][-5.697][-0.144][-5.791][-0.247][0.015][-0.238][-6.056][-0.133][-6.109]
For 14th layer:
[-0.524][0.372][0.868][-2.72][0.816][-1.999][0.504][0.337][-0.175][-3.968][-0.264][-2.877][0.521][0.27][-0.273][-4.257][-0.336][-3.517][0.37][0.212][-0.252][-4.373][-0.323][-3.697][0.313][0.161][-0.274][-4.411][-0.325][-4.027][0.073][0.125][-0.22][-4.635][-0.219][-4.053][-0.07][0.111][-0.214][-4.918][-0.118][-4.872][-0.132][0.082][-0.282][-5.244][-0.1][-4.813][-0.186][0.048][-0.298][-5.152][-0.259][-5.125][-0.364][0.062][-0.225][-5.484][-0.007][-5.183][-0.357][0.052][-0.343][-5.985][-0.085][-5.695][-0.361][0.004][-0.374][-5.79][-0.144][-5.882][-0.295][-0.004][-0.301][-6.232][-0.172][-6.32][-0.209][0.002][-0.309][-6.692][-0.248][-6.466]
For 15th layer:
[-0.514][0.367][0.82][-2.771][0.823][-2.009][0.536][0.357][-0.163][-3.901][-0.273][-2.883][0.587][0.283][-0.268][-4.182][-0.37][-3.511][0.418][0.221][-0.257][-4.488][-0.326][-3.731][0.316][0.167][-0.26][-4.461][-0.305][-3.995][0.058][0.129][-0.215][-4.729][-0.225][-3.977][-0.085][0.093][-0.248][-5.077][-0.189][-4.886][-0.177][0.069][-0.277][-5.371][-0.084][-4.785][-0.249][0.048][-0.287][-5.259][-0.193][-5.1][-0.403][0.048][-0.25][-5.668][-0.001][-5.153][-0.367][0.034][-0.355][-6.141][-0.088][-5.806][-0.387][-0.001][-0.356][-5.997][-0.155][-5.956][-0.378][-0.01][-0.378][-6.451][-0.163][-6.465][-0.294][-0.012][-0.38][-6.97][-0.291][-6.538][-0.249][-0.011][-0.295][-7.263][-0.202][-6.67]
For 16th layer:
[-0.523][0.375][0.855][-2.731][0.833][-2.044][0.532][0.377][-0.135][-3.979][-0.23][-2.866][0.6][0.291][-0.282][-4.213][-0.388][-3.458][0.452][0.223][-0.266][-4.541][-0.305][-3.716][0.33][0.18][-0.243][-4.535][-0.305][-3.961][0.142][0.142][-0.223][-4.763][-0.232][-3.94][-0.023][0.101][-0.273][-5.113][-0.182][-4.903][-0.177][0.08][-0.264][-5.537][-0.096][-4.828][-0.242][0.042][-0.257][-5.356][-0.209][-5.163][-0.411][0.057][-0.22][-5.81][0.033][-5.154][-0.427][0.033][-0.329][-6.361][-0.091][-5.918][-0.442][-0.002][-0.322][-6.159][-0.13][-6.021][-0.461][-0.008][-0.345][-6.672][-0.152][-6.584][-0.409][-0.018][-0.336][-7.168][-0.256][-6.588][-0.377][-0.017][-0.277][-7.562][-0.177][-6.71][-0.192][0.005][-0.272][-8.007][-0.262][-7.178]
For 17th layer:
[-0.543][0.377][0.864][-2.672][0.858][-2.011][0.484][0.383][-0.078][-4.017][-0.15][-2.842][0.625][0.293][-0.325][-4.229][-0.367][-3.502][0.443][0.229][-0.251][-4.54][-0.286][-3.798][0.344][0.176][-0.31][-4.506][-0.293][-3.95][0.16][0.133][-0.26][-4.825][-0.257][-3.941][0.025][0.097][-0.277][-5.186][-0.215][-4.942][-0.171][0.078][-0.244][-5.61][-0.115][-4.918][-0.218][0.054][-0.248][-5.471][-0.22][-5.239][-0.426][0.069][-0.177][-5.983][0.03][-5.247][-0.452][0.038][-0.361][-6.607][-0.057][-6.059][-0.429][0.][-0.304][-6.302][-0.113][-6.102][-0.499][-0.005][-0.302][-6.885][-0.129][-6.658][-0.48][-0.018][-0.342][-7.435][-0.177][-6.671][-0.464][-0.028][-0.31][-7.827][-0.174][-6.74][-0.301][-0.018][-0.317][-8.336][-0.302][-7.247][-0.217][0.008][-0.271][-8.607][-0.247][-7.541]
For 18th layer:
[-0.528][0.372][0.839][-2.705][0.822][-1.976][0.475][0.379][-0.087][-3.997][-0.145][-2.874][0.653][0.283][-0.338][-4.304][-0.373][-3.453][0.429][0.224][-0.264][-4.57][-0.304][-3.79][0.359][0.193][-0.219][-4.435][-0.29][-3.925][0.189][0.156][-0.209][-4.888][-0.234][-3.91][0.043][0.113][-0.26][-5.241][-0.195][-4.941][-0.154][0.086][-0.265][-5.775][-0.09][-4.871][-0.192][0.045][-0.305][-5.631][-0.266][-5.312][-0.418][0.056][-0.157][-6.061][0.035][-5.32][-0.427][0.045][-0.301][-6.737][-0.012][-6.124][-0.472][-0.002][-0.326][-6.534][-0.112][-6.234][-0.544][-0.006][-0.279][-7.097][-0.103][-6.737][-0.517][-0.032][-0.336][-7.585][-0.216][-6.788][-0.515][-0.038][-0.296][-8.023][-0.158][-6.698][-0.332][-0.022][-0.344][-8.561][-0.283][-7.269][-0.29][-0.013][-0.313][-8.913][-0.3][-7.749][-0.225][-0.008][-0.285][-9.05][-0.258][-7.911]
For 19th layer:
[-0.512][0.388][0.876][-2.682][0.834][-2.017][0.477][0.398][-0.07][-3.993][-0.118][-2.87][0.687][0.298][-0.327][-4.358][-0.394][-3.418][0.477][0.233][-0.253][-4.565][-0.308][-3.753][0.368][0.193][-0.254][-4.474][-0.275][-3.919][0.157][0.152][-0.262][-4.894][-0.242][-3.893][0.018][0.095][-0.303][-5.268][-0.201][-5.046][-0.165][0.075][-0.196][-5.846][-0.125][-4.915][-0.192][0.047][-0.285][-5.728][-0.248][-5.357][-0.393][0.059][-0.168][-6.201][0.004][-5.419][-0.446][0.048][-0.282][-6.988][-0.011][-6.272][-0.447][0.004][-0.352][-6.681][-0.118][-6.395][-0.526][-0.006][-0.31][-7.304][-0.076][-6.817][-0.53][-0.03][-0.346][-7.75][-0.19][-6.836][-0.528][-0.037][-0.343][-8.241][-0.174][-6.686][-0.396][-0.026][-0.363][-8.847][-0.28][-7.269][-0.385][-0.019][-0.323][-9.267][-0.281][-7.868][-0.267][-0.012][-0.309][-9.343][-0.306][-8.142][-0.187][0.005][-0.306][-9.673][-0.289][-8.256]
For 20th layer:
[-0.525][0.395][0.882][-2.686][0.824][-1.999][0.51][0.402][-0.058][-3.925][-0.153][-2.928][0.652][0.309][-0.305][-4.407][-0.355][-3.409][0.512][0.233][-0.279][-4.561][-0.324][-3.754][0.363][0.211][-0.201][-4.442][-0.255][-3.916][0.233][0.175][-0.219][-4.962][-0.205][-3.884][0.003][0.113][-0.297][-5.338][-0.174][-5.172][-0.121][0.082][-0.216][-5.978][-0.118][-4.944][-0.225][0.053][-0.229][-5.829][-0.214][-5.36][-0.384][0.066][-0.142][-6.234][-0.018][-5.424][-0.439][0.055][-0.311][-7.18][0.059][-6.376][-0.473][0.013][-0.333][-6.756][-0.109][-6.471][-0.486][-0.005][-0.311][-7.473][-0.032][-6.969][-0.518][-0.018][-0.253][-7.868][-0.162][-6.901][-0.537][-0.018][-0.317][-8.435][-0.126][-6.737][-0.458][-0.022][-0.386][-9.091][-0.308][-7.32][-0.457][-0.016][-0.316][-9.595][-0.247][-7.931][-0.27][-0.017][-0.293][-9.541][-0.356][-8.268][-0.198][-0.011][-0.319][-9.826][-0.331][-8.487][-0.138][-0.009][-0.33][-10.073][-0.327][-8.779]
For all layers:
[-0.525][0.395][0.882][-2.686][0.824][-1.999][0.51][0.402][-0.058][-3.925][-0.153][-2.928][0.652][0.309][-0.305][-4.407][-0.355][-3.409][0.512][0.233][-0.279][-4.561][-0.324][-3.754][0.363][0.211][-0.201][-4.442][-0.255][-3.916][0.233][0.175][-0.219][-4.962][-0.205][-3.884][0.003][0.113][-0.297][-5.338][-0.174][-5.172][-0.121][0.082][-0.216][-5.978][-0.118][-4.944][-0.225][0.053][-0.229][-5.829][-0.214][-5.36][-0.384][0.066][-0.142][-6.234][-0.018][-5.424][-0.439][0.055][-0.311][-7.18][0.059][-6.376][-0.473][0.013][-0.333][-6.756][-0.109][-6.471][-0.486][-0.005][-0.311][-7.473][-0.032][-6.969][-0.518][-0.018][-0.253][-7.868][-0.162][-6.901][-0.537][-0.018][-0.317][-8.435][-0.126][-6.737][-0.458][-0.022][-0.386][-9.091][-0.308][-7.32][-0.457][-0.016][-0.316][-9.595][-0.247][-7.931][-0.27][-0.017][-0.293][-9.541][-0.356][-8.268][-0.198][-0.011][-0.319][-9.826][-0.331][-8.487][-0.138][-0.009][-0.33][-10.073][-0.327][-8.779]

SNMS:
For 21th layer:
[0.353][-0.106][-0.057]
For 22th layer:
[0.317][-0.084][-0.057]
For 23th layer:
[0.316][-0.108][-0.056]
For 24th layer:
[0.296][-0.086][-0.059]
For 25th layer:
[0.266][-0.065][-0.048]
For 26th layer:
[0.223][-0.076][-0.035]
For 27th layer:
[0.221][-0.063][-0.007]
For 28th layer:
[0.23][-0.088][-0.057]
For 29th layer:
[0.205][-0.087][-0.021]
NMS:
For 1th layer:
[-0.414][0.487][0.578][-1.719][0.54][-1.211]
For 2th layer:
[-0.496][0.368][0.662][-2.364][0.615][-1.801][0.37][0.404][-0.108][-3.321][-0.071][-2.708]
For 3th layer:
[-0.653][0.248][0.655][-2.622][0.614][-2.092][0.196][0.268][-0.134][-3.603][-0.132][-3.064][0.254][0.306][-0.066][-3.753][0.054][-3.528]
For 4th layer:
[-0.724][0.193][0.586][-2.812][0.548][-2.211][0.086][0.189][-0.224][-3.729][-0.228][-3.31][0.113][0.225][-0.084][-3.833][-0.014][-3.919][0.188][0.239][-0.103][-4.201][0.019][-4.257]
For 5th layer:
[-0.697][0.149][0.464][-2.964][0.417][-2.321][0.068][0.137][-0.203][-3.854][-0.27][-3.484][0.039][0.151][-0.115][-3.889][-0.096][-4.177][0.066][0.177][-0.116][-4.231][0.][-4.643][0.113][0.174][-0.178][-4.525][0.041][-5.046]
For 6th layer:
[-0.72][0.124][0.409][-3.][0.372][-2.367][0.05][0.113][-0.22][-3.972][-0.329][-3.474][0.01][0.114][-0.229][-3.847][-0.18][-4.278][0.021][0.119][-0.14][-4.186][-0.079][-4.856][-0.014][0.126][-0.206][-4.425][0.012][-5.429][0.02][0.108][-0.259][-4.789][-0.006][-5.803]
For 7th layer:
[-0.715][0.089][0.327][-3.121][0.319][-2.405][-0.009][0.092][-0.228][-4.091][-0.348][-3.529][-0.018][0.08][-0.267][-3.813][-0.268][-4.348][-0.043][0.091][-0.155][-4.219][-0.13][-5.023][-0.053][0.105][-0.214][-4.375][-0.059][-5.666][-0.041][0.097][-0.227][-4.803][-0.024][-5.975][-0.026][0.09][-0.275][-4.985][-0.046][-6.203]
For 8th layer:
[-0.718][0.077][0.344][-3.157][0.243][-2.475][-0.022][0.074][-0.25][-4.071][-0.376][-3.606][-0.083][0.068][-0.281][-3.772][-0.291][-4.459][-0.088][0.076][-0.21][-4.225][-0.168][-5.114][-0.129][0.091][-0.222][-4.352][-0.097][-5.813][-0.117][0.091][-0.235][-4.814][-0.038][-6.135][-0.111][0.075][-0.249][-4.985][-0.037][-6.256][-0.076][0.051][-0.324][-5.144][-0.097][-7.114]